test123 <- 1:100